750
1
0 2
3
6 8
4
10 12
5
15 18
7
20 26
9
27 30
11
31 32
13
36 37
14
40 44
16
46 47
17
49 51
19
52 53
21
54 55
22
57 58
23
59 61
24
64 65
25
66 67
28
68 69
29
71 72
33
76 79
34
80 82
35
84 85
38
86 88
39
91 93
41
94 95
42
96 97
43
99 101
45
102 104
48
105 108
50
114 115
56
116 117
60
118 119
62
123 124
63
126 128
70
129 130
73
131 133
74
134 137
75
138 143
77
144 146
78
147 150
81
151 152
83
153 155
87
156 157
89
158 160
90
161 162
92
163 165
98
168 169
100
171 172
103
173 175
106
180 182
107
183 185
109
188 190
110
191 195
111
198 199
112
200 204
113
206 207
120
214 215
121
218 221
122
223 224
125
226 227
127
231 234
132
236 237
135
238 242
136
243 244
139
246 248
140
249 250
141
252 253
142
256 257
145
259 262
148
263 264
149
266 269
154
270 271
159
273 280
164
285 288
166
289 290
167
291 295
170
297 304
174
306 307
176
310 318
177
321 322
178
324 327
179
330 331
181
335 336
184
337 338
186
339 341
187
343 344
189
345 350
192
353 355
193
359 363
194
365 366
196
368 371
197
372 373
201
375 376
202
382 383
203
384 385
205
386 388
208
390 392
209
394 395
210
398 399
211
401 402
212
403 405
213
407 408
216
409 410
217
413 414
219
415 417
220
418 419
222
422 424
225
426 427
228
428 432
229
434 437
230
438 443
232
444 445
233
447 449
235
452 454
239
455 458
240
459 461
241
464 465
245
466 469
247
470 471
251
474 475
254
476 478
255
481 482
258
484 487
260
490 492
261
494 495
265
496 498
267
501 503
268
510 511
272
512 513
274
517 518
275
521 522
276
523 524
277
525 527
278
528 529
279
534 535
281
537 542
282
543 544
283
545 547
284
548 552
286
553 558
287
562 563
292
564 566
293
568 571
294
572 573
296
577 578
298
579 580
299
581 582
300
583 585
301
586 587
302
589 590
303
595 598
305
599 600
308
601 603
309
607 608
311
609 612
312
615 617
313
618 619
314
620 622
315
624 625
316
628 630
317
631 632
319
633 634
320
635 636
323
637 643
325
651 653
326
657 659
328
660 661
329
662 664
332
665 666
333
668 670
334
673 674
340
675 676
342
681 683
346
684 685
347
686 689
348
695 696
349
697 698
351
699 700
352
701 703
354
705 709
356
710 711
357
714 715
358
716 717
360
720 721
361
726 731
362
735 737
364
740 744
367
749 750
369
751 752
370
753 758
374
759 760
377
762 763
378
765 769
379
770 773
380
774 781
381
782 783
387
788 789
389
793 794
391
795 796
393
797 798
396
800 801
397
805 806
400
808 810
404
813 814
406
816 817
411
818 824
412
825 828
416
832 833
420
834 835
421
837 838
423
840 841
425
846 847
429
853 856
430
857 858
431
861 862
433
866 868
435
871 872
436
873 876
439
879 881
440
882 883
441
884 885
442
891 892
446
894 897
448
898 901
450
902 903
451
904 909
453
910 911
456
912 915
457
916 918
460
919 920
462
927 928
463
929 930
467
932 934
468
937 940
472
941 943
473
945 946
477
947 949
479
952 953
480
956 957
483
958 960
485
961 965
486
967 968
488
973 974
489
977 979
491
980 981
493
982 984
497
985 988
499
990 991
500
993 995
502
996 999
504
505
506
507
508
509
514
515
516
519
520
526
530
531
532
533
536
538
539
540
541
546
549
550
551
554
555
556
557
559
560
561
565
567
569
570
574
575
576
584
588
591
592
593
594
596
597
602
604
605
606
610
611
613
614
616
621
623
626
627
629
638
639
640
641
642
644
645
646
647
648
649
650
652
654
655
656
658
663
667
669
671
672
677
678
679
680
682
687
688
690
691
692
693
694
702
704
706
707
708
712
713
718
719
722
723
724
725
727
728
729
730
732
733
734
736
738
739
741
742
743
745
746
747
748
754
755
756
757
761
764
766
767
768
771
772
775
776
777
778
779
780
784
785
786
787
790
791
792
799
802
803
804
807
809
811
812
815
819
820
821
822
823
826
827
829
830
831
836
839
842
843
844
845
848
849
850
851
852
854
855
859
860
863
864
865
867
869
870
874
875
877
878
880
886
887
888
889
890
893
895
896
899
900
905
906
907
908
913
914
917
921
922
923
924
925
926
931
933
935
936
938
939
942
944
948
950
951
954
955
959
962
963
964
966
969
970
971
972
975
976
978
983
986
987
989
992
994
997
998
