750
951
112
852
647
348
272
723
736
71 72
823
913
532
776
510 511
756
334
354
615 617
701 703
832 833
695 696
192
687
977 979
775
875
102 104
919 920
803
954
931
421
460
536
907
15 18
840 841
381
613
329
462
836
228
243 244
252 253
531
489
456
370
474 475
572 573
609 612
181
727
795 796
686 689
27 30
389
791
148
198 199
200 204
306 307
387
604
131 133
607 608
335 336
924
31 32
463
906
570
400
624 625
896
278
293
138 143
620 622
451
11
342
5
765 769
675 676
902 903
762 763
40 44
869
941 943
747
372 373
440
635 636
967 968
312
845
38
641
565
310 318
912 915
168 169
21
3
743
238 242
867
214 215
829
808 810
194
332
159
325
457
187
994
526
430
865
19
822
821
878
768
50
480
908
154
73
887
391
942
359 363
362
45
969
804
139
22
650
439
520
859
260
268
708
589 590
595 598
7
788 789
357
60
691
864
944
611
910 911
719
434 437
705 709
52 53
193
667
90
626
848
107
317
561
716 717
270 271
599 600
712
815
126 128
673 674
504
186
142
693
20 26
177
189
420
904 909
452 454
728
340
109
245
337 338
404
621
923
265
873 876
220
303
746
605
891 892
579 580
309
249 250
4
127
575
298
610
6 8
442
235
672
83
569
519
203
300
479
183 185
62
213
724
233
217
697 698
741
932 934
166
431
755
584
766
476 478
25
413 414
656
684 685
820
398 399
24
530
952 953
508
171 172
554
640
164
564 566
286
39
567
68 69
993 995
562 563
516
301
782 783
48
877
9
846 847
528 529
116 117
92
917
94 95
550
936
707
539
297 304
649
771
188 190
74
256 257
997
141
534 535
466 469
921
251
499
0 2
96 97
786
483
147 150
658
494 495
42
484 487
818 824
888
874
328
488
291 295
444 445
261
669
978
258
895
211
121
916 918
113
831
657 659
938
294
614
28
986
255
638
583 585
196
314
63
283
225
470 471
945 946
36 37
726 731
937 940
927 928
403 405
855
976
792
247
843
668 670
353 355
990 991
898 901
106
546
149
41
158 160
416
435
346
770 773
284
135
308
950
236 237
122
289 290
751 752
230
682
16
343 344
423
129 130
13
17
681 683
574
305
894 897
973 974
753 758
493
809
110
702
273 280
537 542
772
963
935
637 643
509
514
485
880
893
422 424
375 376
732
980 981
490 492
557
496 498
827
688
996 999
663
360
890
807
239
167
241
628 630
378
472
654
339 341
180 182
412
302
276
197
774 781
884 885
296
1
642
105 108
223 224
559
477
330 331
497
793 794
734
219
202
450
80 82
386 388
506
33
805 806
369
839
151 152
299
879 881
507
517 518
191 195
75
218 221
740 744
367
971
764
144 146
748
277
368 371
140
59 61
830
540
678
77
426 427
285 288
644
78
178
568 571
749 750
720 721
333
84 85
205
826
120
324 327
905
358
816 817
411
989
240
899
543 544
850
98
966
629
415 417
602
436
959
279
844
136
313
523 524
933
767
459 461
401 402
446
316
842
581 582
646
282
87
356
588
982 984
947 949
606
939
323
448
854
648
970
593
785
429
418 419
287
754
447 449
677
491
364
742
914
382 383
396
757
352
541
860
501 503
797 798
111
964
983
560
226 227
231 234
56
592
652
274
393
267
216
671
925
184
551
735 737
292
464 465
745
54 55
857 858
500
161 162
114 115
377
739
813 814
680
34
633 634
468
212
738
790
699 700
156 157
281
512 513
627
591
23
118 119
176
209
347
956 957
99 101
718
467
134 137
179
246 248
929 930
409 410
505
694
729
125
315
35
365 366
706
210
692
863
57 58
533
714 715
222
998
455 458
597
76 79
379
819
394 395
525 527
618 619
428 432
992
29
555
407 408
406
43
759 760
173 175
870
761
538
103
577 578
89
81
882 883
548 552
46 47
556
972
825 828
320
326
380
229
787
679
311
596
91 93
390 392
601 603
725
631 632
713
594
900
64 65
651 653
553 558
275
777
433
132
784
486
800 801
576
321 322
851
922
802
886
345 350
425
690
985 988
660 661
645
812
502
958 960
201
153 155
834 835
374
453
319
623
545 547
100
799
232
481 482
849
987
384 385
170
174
361
655
861 862
49 51
948
837 838
955
259 262
616
397
208
254
710 711
778
521 522
779
266 269
10 12
145
586 587
14
349
639
263 264
871 872
962
665 666
441
889
206 207
961 965
66 67
515
163 165
123 124
722
733
730
438 443
662 664
86 88
780
704
853 856
549
975
811
351
926
473
70
866 868
