750
365 366
992
441
955
126 128
52 53
935
35
774 781
360
741
247
1
132
397
60
324 327
358
223 224
889
431
308
299
485
921
857 858
91 93
893
723
748
939
917
867
238 242
853 856
154
512 513
251
240
448
205
346
615 617
374
170
159
256 257
799
954
334
913
762 763
390 392
109
176
381
455 458
958 960
333
663
235
791
76 79
790
738
459 461
905
803
859
219
367
708
163 165
210
927 928
952 953
161 162
880
845
770 773
941 943
561
804
287
24
102 104
759 760
733
870
122
57 58
141
655
923
246 248
403 405
147 150
174
966
488
767
21
692
568 571
266 269
179
869
658
393
947 949
73
956 957
120
834 835
784
347
650
198 199
20 26
74
349
196
243 244
706
994
484 487
156 157
519
645
914
43
186
926
662 664
499
59 61
315
332
811
648
5
311
629
272
808 810
778
528 529
462
729
368 371
118 119
401 402
514
29
335 336
925
39
113
317
565
559
574
345 350
62
340
959
406
370
135
840 841
294
380
300
479
245
158 160
0 2
500
906
426 427
539
849
41
747
990 991
407 408
496 498
356
548 552
456
978
931
550
386 388
483
362
818 824
508
668 670
753 758
64 65
428 432
553 558
197
489
19
181
977 979
452 454
421
275
42
212
422 424
679
339 341
795 796
423
635 636
839
705 709
595 598
86 88
129 130
352
457
31 32
549
873 876
730
446
652
852
206 207
896
25
842
726 731
92
844
633 634
843
570
436
898 901
596
209
140
987
56
530
273 280
379
970
681 683
301
775
832 833
606
291 295
586 587
412
823
420
189
34
166
865
620 622
494 495
861 862
895
258
755
228
263 264
220
145
611
916 918
576
757
821
805 806
217
83
233
742
305
94 95
751 752
521 522
594
815
677
54 55
134 137
501 503
562 563
875
509
651 653
144 146
493
642
396
281
746
466 469
510 511
348
321 322
213
657 659
727
822
178
409 410
434 437
504
387
222
604
354
863
430
11
665 666
716 717
382 383
282
888
328
602
153 155
836
591
771
819
78
463
193
480
389
802
890
779
592
621
353 355
572 573
314
937 940
429
284
359 363
194
756
597
998
605
283
187
785
584
680
202
830
786
506
105 108
743
84 85
593
13
107
908
997
10 12
672
418 419
277
377
372 373
887
526
899
813 814
599 600
369
782 783
962
125
854
323
764
996 999
203
249 250
286
567
229
894 897
536
649
50
929 930
851
912 915
749 750
560
538
545 547
557
28
588
310 318
232
226 227
99 101
164
225
151 152
351
846 847
900
17
725
473
710 711
797 798
200 204
860
416
951
874
138 143
167
871 872
491
825 828
827
848
882 883
112
398 399
451
967 968
391
312
77
411
89
697 698
14
80 82
474 475
320
866 868
745
239
688
439
460
884 885
714 715
886
792
985 988
765 769
214 215
579 580
675 676
631 632
739
236 237
278
864
554
464 465
740 744
583 585
191 195
546
564 566
569
33
75
855
610
467
293
816 817
7
81
433
986
534 535
106
924
766
404
103
171 172
787
274
623
728
505
601 603
48
850
470 471
718
201
309
517 518
607 608
361
907
447 449
800 801
442
982 984
384 385
49 51
902 903
450
646
27 30
973 974
216
22
127
637 643
812
440
173 175
942
46 47
993 995
507
375 376
613
168 169
627
699 700
624 625
252 253
701 703
904 909
972
292
486
296
702
656
682
261
303
639
618 619
476 478
720 721
481 482
183 185
98
6 8
654
415 417
614
780
735 737
139
577 578
687
123 124
490 492
945 946
807
555
693
71 72
4
516
964
837 838
66 67
255
640
306 307
497
948
337 338
922
116 117
933
704
394 395
378
87
660 661
980 981
761
919 920
188 190
768
319
192
9
969
793 794
357
254
70
537 542
628 630
525 527
267
684 685
3
540
342
932 934
110
826
971
313
691
114 115
268
671
667
722
15 18
302
950
678
148
289 290
551
218 221
575
330 331
208
556
626
644
259 262
131 133
40 44
45
413 414
936
809
989
983
963
298
877
343 344
776
142
136
724
515
326
788 789
184
453
879 881
581 582
241
265
329
472
523 524
673 674
260
736
686 689
891 892
829
180 182
533
641
541
695 696
121
279
364
734
638
543 544
976
878
36 37
270 271
777
90
532
63
772
502
712
690
23
211
754
325
589 590
425
435
694
316
444 445
68 69
732
961 965
531
719
400
438 443
96 97
669
944
820
297 304
831
230
285 288
616
468
975
276
38
149
231 234
938
100
477
609 612
910 911
111
707
713
16
647
520
177
