750
523 524
233
473
474 475
912 915
420
531
278
514
707
346
435
658
46 47
358
73
305
197
136
570
274
313
499
704
335 336
808 810
323
859
537 542
263 264
167
368 371
675 676
616
113
896
43
107
367
977 979
846 847
426 427
780
114 115
31 32
961 965
497
255
488
342
844
319
826
830
555
423
258
790
430
657 659
663
969
22
998
874
168 169
147 150
284
138 143
480
606
436
394 395
277
655
845
624 625
377
574
459 461
536
209
561
281
800 801
951
48
291 295
381
111
339 341
898 901
642
156 157
538
279
813 814
285 288
596
712
326
797 798
947 949
839
396
588
864
922
525 527
804
602
361
289 290
80 82
347
352
735 737
384 385
975
286
751 752
990 991
84 85
132
481 482
539
49 51
899
422 424
517 518
986
240
895
314
283
403 405
599 600
584
364
494 495
985 988
554
120
21
706
19
444 445
15 18
243 244
565
308
76 79
382 383
937 940
232
369
910 911
757
996 999
425
491
205
191 195
121
771
500
442
447 449
34
963
273 280
194
390 392
28
159
134 137
353 355
329
94 95
496 498
217
123 124
259 262
679
33
372 373
548 552
699 700
871 872
742
391
303
667
223 224
775
759 760
739
938
567
867
610
729
226 227
515
962
356
944
110
505
431
297 304
20 26
298
89
802
416
614
791
604
694
38
591
103
235
719
349
351
924
236 237
409 410
553 558
900
994
866 868
869
595 598
193
579 580
50
726 731
178
732
855
861 862
145
112
140
282
713
834 835
560
932 934
722
13
795 796
293
820
950
306 307
192
926
220
404
25
784
3
745
646
913
807
62
848
126 128
294
460
748
211
766
173 175
378
14
439
504
181
894 897
779
105 108
803
334
692
86 88
77
702
755
541
809
438 443
764
16
466 469
148
201
486
526
17
762 763
633 634
927 928
245
241
638
997
746
656
648
9
483
654
644
904 909
870
328
451
270 271
592
490 492
734
54 55
75
348
549
23
300
786
415 417
493
543 544
887
40 44
509
710 711
386 388
611
74
261
81
635 636
92
577 578
418 419
973 974
429
66 67
597
406
662 664
78
170
312
956 957
545 547
397
777
530
671
970
725
39
860
359 363
878
736
687
267
521 522
754
851
557
756
528 529
520
540
955
890
673 674
792
27 30
576
849
884 885
109
782 783
967 968
379
365 366
502
71 72
516
678
770 773
448
387
188 190
992
230
56
978
964
508
829
180 182
641
923
68 69
440
753 758
931
239
45
127
993 995
628 630
135
333
728
741
593
421
749 750
272
324 327
925
218 221
129 130
842
629
569
805 806
609 612
740 744
772
1
301
316
778
837 838
206 207
6 8
36 37
96 97
660 661
477
299
831
149
818 824
889
35
176
586 587
971
228
141
816 817
618 619
983
605
42
260
374
179
161 162
450
853 856
607 608
532
822
214 215
102 104
556
672
470 471
765 769
343 344
362
724
60
959
238 242
723
389
70
63
187
309
823
581 582
686 689
954
412
976
276
550
626
551
200 204
57 58
701 703
877
330 331
738
647
882 883
456
919 920
510 511
29
198 199
332
266 269
787
10 12
507
893
489
793 794
131 133
650
875
714 715
695 696
589 590
296
455 458
681 683
730
24
693
196
11
720 721
106
118 119
812
620 622
164
212
139
733
506
247
799
905
375 376
916 918
122
815
652
639
151 152
917
354
767
177
718
933
682
982 984
208
945 946
677
219
464 465
393
87
485
941 943
256 257
83
98
311
231 234
216
562 563
222
59 61
268
827
952 953
183 185
411
413 414
163 165
776
534 535
623
398 399
144 146
484 487
907
7
287
564 566
275
154
4
935
125
972
645
948
446
836
627
265
987
189
651 653
225
879 881
821
621
768
0 2
249 250
788 789
980 981
184
325
747
428 432
210
441
840 841
680
434 437
457
90
310 318
153 155
158 160
906
936
601 603
472
668 670
929 930
880
317
583 585
340
99 101
575
865
743
533
697 698
252 253
433
337 338
64 65
640
914
203
825 828
400
857 858
852
891 892
251
476 478
832 833
452 454
888
902 903
649
453
202
843
559
292
684 685
321 322
942
688
669
463
873 876
407 408
690
320
229
854
462
727
886
761
637 643
302
594
186
213
142
863
785
819
100
52 53
479
708
989
41
467
360
705 709
615 617
546
716 717
850
908
568 571
665 666
519
966
572 573
5
357
468
370
315
501 503
166
512 513
811
174
254
116 117
171 172
958 960
613
921
939
774 781
91 93
401 402
691
631 632
380
345 350
246 248
